[0.46248007]	
[1.0688386]	
[1.3199294]	
[1.177282]	
[0.84956288]	
[0.55326277]	
[0.3755978]	
[0.3081691]	
[0.31910288]	
[0.38042128]	
[0.46290019]	
[0.5351156]	
[0.57459188]	
[0.57691562]	
[0.55331856]	
[0.52072871]	
[0.4929193]	
[0.47691569]	
[0.47355637]	
[0.47964537]	
[0.49022061]	
[0.5]	
[1.0691463]	
[1.3199297]	
[1.177282]	
[0.84956288]	
[0.55326277]	
[0.3755978]	
[0.3081691]	
[0.31910288]	
[0.38042128]	
[0.46290019]	
[0.5351156]	
[0.57459188]	
[0.57691562]	
[0.55331856]	
[0.52072871]	
[0.4929193]	
[0.47691569]	
[0.47355637]	
[0.47964537]	
[0.49022061]	
