-1.648790062
-1.175032768
-0.503585096
1.079161557
1.828063934
0.845647798
1.463262678
0.230205604
1.517297841
-0.081289303
-1.261079883
0.06552317
-1.843504566
-0.78106682
-1.165477021
1.010180662
1.888436253
0.449012407
0.936717045
-0.609562522
-0.056962998
-0.782992173
0.238370733
1.308495633
0.837564846
-1.918089588
-1.034413965
-1.254898874
-1.938941222
-0.463890022
-0.863356438
-0.376451408
-0.203208488
-0.266938302
0.384545964
0.790877307
-0.447919838
-0.699100473
-1.030279533
1.899841586
-1.710304487
0.343760721
-1.257739073
0.372637028
1.865418386
0.273621476
-0.604634055
-0.232219162
0.562948542
-1.755641892
-1.182813669
