-1.46288	
-1.82338	
0.170574	
1.82067	
-1.7186	
-1.64978	
0.986716	
-0.974154	
-1.01343	
1.88097	
1.74802	
1.56473	
1.48722	
0.863318	
-0.876182	
0.180452	
-1.177	
-0.961045	
0.253768	
-1.80782	
1.44474	
0.160707	
-1.61098	
-1.18753	
-0.0595065	
-0.179884	
1.84061	
-0.805469	
-1.91576	
0.304034	
0.275468	
-1.19582	
-0.467701	
0.114597	
0.815635	
1.04838	
-1.59949	
1.33871	
-1.06936	
-0.988171	
-0.767152	
-1.47725	
0.995396	
-0.198269	
0.612772	
-0.101429	
-1.06919	
1.06267	
-0.598106	
-0.174985	
-1.84092	
