-1.52	
-0.919042	
-0.447668	
0.875257	
1.97779	
0.814896	
1.43569	
0.0771462	
1.37583	
-0.263876	
-1.171	
-0.0171295	
-1.71999	
-0.503763	
-1.30791	
1.13948	
1.97687	
0.458067	
0.767483	
-0.582285	
-0.192103	
-0.914176	
0.10532	
1.48389	
0.565058	
-1.72545	
-0.899754	
-1.08875	
-1.81381	
-0.41264	
-0.929187	
-0.484516	
-0.37462	
-0.107475	
0.185922	
0.784388	
-0.538273	
-0.569492	
-0.862378	
1.64752	
-1.63092	
0.375663	
-1.10413	
0.539774	
1.7317	
0.0578113	
-0.547351	
-0.364566	
0.436434	
-1.61099	
-1.13245	
