-1.50109062
-1.941298702
0.133530743
1.816889806
-1.699385681
-1.526088482
1.436226284
-1.015264037
-1.388489168
1.906994636
1.959271886
1.627236514
1.556518713
0.810222208
-0.884992409
0.404932428
-1.284891255
-1.062002445
0.301742273
-1.699368472
1.392258154
0.030556739
-1.725920138
-1.579836166
-0.185565847
-0.179803751
1.870449161
-1.020744162
-1.814888863
0.524046846
0.373963186
-1.291135332
-0.639046961
0.034892533
0.861424074
1.163332312
-1.820713131
1.45138642
-1.158171978
-1.19044735
-0.757325277
-1.80188332
1.119338607
-0.236191666
0.784700717
-0.132980299
-0.945471714
1.133295029
-0.621515298
-0.201812893
-1.866860712
